image_00000 331 204 381 259
image_00001 335 205 378 260
image_00002 335 202 387 263
image_00003 331 200 391 261
image_00004 337 202 385 255
image_00005 334 196 386 262
image_00006 334 201 387 257
image_00007 334 198 386 261
image_00008 333 206 388 256
image_00009 337 201 392 266
image_00010 339 201 392 261
image_00011 331 197 392 268
image_00012 331 198 383 256
image_00013 335 201 390 266
image_00014 326 197 398 257
image_00015 327 197 388 261
image_00016 331 202 393 260
image_00017 329 200 393 264
image_00018 338 203 388 260
image_00019 349 209 391 254
image_00020 356 213 393 252
image_00021 357 210 389 257
image_00022 358 210 387 260
image_00023 355 210 393 256
image_00024 352 205 392 260
image_00025 353 205 392 259
image_00026 352 202 395 256
image_00027 354 207 395 260
image_00028 346 206 397 257
image_00029 354 205 394 260
image_00030 355 205 394 259
image_00031 356 202 396 260
image_00032 352 203 395 258
image_00033 356 205 394 261
image_00034 356 201 403 258
image_00035 351 204 392 260
image_00036 366 204 394 261
image_00037 360 206 392 260
image_00038 369 206 397 258
image_00039 365 201 396 260
image_00040 360 198 402 262
image_00041 359 204 401 263
image_00042 361 199 401 260
image_00043 364 195 407 259
image_00044 366 191 405 259
image_00045 364 195 408 262
image_00046 368 193 411 262
image_00047 361 186 410 242
image_00048 373 185 412 255
image_00049 377 191 419 246
image_00050 383 181 424 255
image_00051 376 188 422 254
image_00052 383 191 415 233
image_00053 383 186 418 238
image_00054 380 188 422 236
image_00055 386 190 417 231
image_00056 384 191 423 245
image_00057 382 190 421 242
image_00058 381 188 427 245
image_00059 381 184 427 244
image_00060 385 187 434 247
image_00061 377 191 432 244
image_00062 390 189 427 249
image_00063 379 187 427 251
